	Cis_wide	Cis_narrow	Trans_wide	Trans_narrow
0	1.00000000	0.83001687	2.12101851	1.91584661
0	1.01429134	0.82043429	2.09664749	1.88771495
280	0.51819749	0.29986940	2.08870962	1.77631509
345	0.55078020	0.32726906	2.04239325	1.76501777
410	0.53977044	0.33391868	2.01709017	1.73999391
475	0.57278111	0.35234473	2.00851678	1.71923663
540	0.58162211	0.36461565	1.98970204	1.71131245
605	0.59114077	0.37867241	1.95968028	1.69339072
671	0.59296229	0.38731053	1.94553388	1.66092111
736	0.62391471	0.39946105	1.91231040	1.63084197
801	0.63615052	0.40350904	1.90173613	1.63399789
866	0.65365503	0.41457658	1.91125087	1.62163623
931	0.66299453	0.42797751	1.89390427	1.63556646
996	0.67832030	0.44581940	1.87172013	1.60784063
1061	0.68330255	0.44955662	1.89975600	1.61442798
1126	0.66475070	0.44765761	1.83693582	1.57898326
1191	0.69483826	0.46602676	1.81098593	1.56346959
1256	0.69446900	0.46030286	1.79023339	1.55977861
1321	0.72766022	0.48351492	1.80085861	1.55403672
1387	0.71938011	0.47398937	1.79027497	1.52053038
1452	0.70328570	0.48213054	1.83072846	1.55359938
1517	0.77619171	0.50498717	1.78898865	1.52924599
1582	0.76143853	0.49274491	1.76796749	1.51895817
1647	0.74693951	0.50567458	1.77026732	1.51818154
1712	0.77695646	0.51600535	1.76838635	1.51760676
1777	0.74823683	0.51041241	1.76630700	1.49856921
1842	0.76104363	0.50921985	1.75652476	1.49271527
1907	0.77990575	0.52390047	1.73709697	1.48097587
1972	0.76549875	0.51856723	1.74029550	1.48231311
2038	0.77271620	0.52156141	1.73254985	1.49474063
2103	0.78484490	0.53527768	1.73656746	1.48819308
2168	0.77751607	0.53997209	1.75536535	1.50164347
2233	0.79092331	0.53114377	1.73372171	1.46508279
2298	0.78203896	0.53235863	1.71632290	1.46162081
2363	0.79868116	0.53257842	1.69629921	1.45293766
2428	0.78142313	0.53063973	1.68773426	1.44144065
2493	0.82598790	0.54449278	1.68694299	1.43787297
2558	0.82394873	0.54466932	1.70205157	1.45353310
2624	0.81003568	0.54551246	1.69092615	1.44367756
2689	0.80983280	0.53902772	1.68437575	1.45341626
2754	0.79216213	0.53398889	1.71130600	1.46761817
2819	0.81166022	0.55681782	1.67361340	1.43109198
2884	0.80801775	0.54594082	1.70002475	1.43629367
2949	0.79474037	0.54526932	1.69210516	1.45372045
3014	0.80291510	0.55526117	1.71334924	1.46892903
3079	0.78601871	0.53574601	1.69032917	1.43731669
3144	0.80914501	0.55158748	1.67143764	1.43937610
3209	0.81403445	0.55403724	1.69266993	1.43809253
3274	0.81914544	0.56172067	1.68350197	1.44628946
3339	0.83048031	0.55663950	1.64866147	1.40715529
3404	0.81401408	0.55942563	1.69639588	1.45334918
3469	0.82021564	0.56164446	1.68963706	1.44715506
3535	0.84719405	0.58026383	1.68156140	1.42691734
3600	0.83654538	0.56708917	1.67677889	1.42058901
3665	0.84205106	0.56251437	1.67367986	1.42482340
3730	0.82093343	0.55539867	1.64841481	1.40683513
3795	0.82749339	0.55647278	1.68476597	1.43489276
3860	0.84008862	0.56702552	1.68264636	1.43823438
3925	0.81042486	0.55808151	1.69656627	1.45691329
3990	0.81896841	0.55842942	1.68247648	1.43416099
4055	0.81212762	0.55144119	1.67117542	1.42384932
4120	0.81247865	0.56642413	1.68030858	1.43174463
4185	0.82073709	0.56699864	1.67233272	1.42691938
4250	0.84283466	0.56268559	1.66401440	1.40499606
4316	0.82519544	0.56464353	1.65272650	1.40653347
4381	0.85788275	0.57552428	1.66490216	1.41876910
4446	0.83943650	0.56283160	1.67594229	1.43717529
4511	0.84261144	0.56581668	1.66056450	1.40484482
4576	0.84176914	0.56847409	1.66488009	1.42939331
4641	0.83311065	0.55016635	1.66926501	1.42003582
4706	0.83859640	0.56437821	1.66623246	1.42202793
4771	0.83887885	0.55425388	1.67888199	1.43113422
4836	0.84309998	0.55830340	1.65418704	1.41293501
4901	0.84038952	0.56468737	1.67308689	1.43298016
4966	0.85653953	0.56391463	1.65642226	1.41506797
5031	0.84639758	0.56493916	1.64576643	1.40512732
5096	0.83828410	0.55644245	1.66245085	1.40216537
5161	0.81746160	0.54831813	1.64662089	1.42432037
5226	0.83167165	0.56889622	1.64792049	1.40074995
5291	0.83483335	0.55512756	1.67131719	1.43131536
5356	0.83071084	0.56362243	1.66283456	1.40887664
5421	0.82984067	0.55630343	1.67692358	1.43221230
5486	0.83871801	0.57380130	1.66340263	1.41486634
5552	0.84267668	0.56935601	1.65537105	1.41392410
5617	0.84602826	0.57030671	1.66739899	1.42742806
5682	0.82359160	0.56886510	1.67401649	1.42621123
5747	0.84149699	0.56679173	1.65707070	1.40838972
5812	0.83771436	0.56494772	1.66161807	1.41143844
5877	0.83440842	0.56085154	1.65247332	1.42651868
5942	0.83050866	0.56928659	1.64363462	1.40861753
6007	0.84038574	0.56360252	1.65661446	1.41865253
6072	0.84992795	0.56626566	1.65171515	1.40691224
6137	0.83608361	0.56876953	1.65696384	1.42053934
6202	0.84478149	0.57245026	1.66410634	1.42312247
6267	0.84702603	0.57707711	1.64309949	1.39922107
6332	0.83968152	0.57675141	1.63979448	1.40499713
6398	0.82496075	0.56023121	1.64024491	1.40222226
6463	0.82159074	0.54883536	1.67322958	1.42144433
6528	0.84198286	0.57040088	1.66279939	1.42599009
6593	0.83894530	0.56413758	1.67556322	1.42004599
6658	0.82270387	0.56842409	1.65991767	1.41454255
6723	0.83819571	0.56407928	1.67594043	1.44248231
6788	0.83141061	0.55972141	1.64815560	1.40514920
6853	0.83875695	0.56497035	1.64630854	1.40025971
6918	0.83510080	0.57423497	1.66220677	1.42176512
6983	0.84472197	0.58224684	1.65592765	1.41785069
7048	0.85186783	0.57629358	1.67195293	1.43501299
7113	0.82952085	0.56187284	1.62684131	1.39459374
7178	0.82924760	0.56291666	1.68654905	1.43460752
7243	0.81900562	0.55270688	1.65451378	1.41958748
7308	0.82034657	0.57182265	1.65931368	1.41504941
7373	0.81873017	0.55217726	1.63371741	1.40257689
7438	0.83074149	0.56379580	1.67149592	1.41922352
7503	0.82959504	0.57565950	1.67229219	1.42245685
7568	0.84342184	0.56570402	1.66294494	1.42745788
7633	0.83796476	0.56507331	1.65151906	1.41824566
7698	0.85249382	0.57701729	1.66445889	1.41606969
7763	0.84070533	0.56600382	1.67114084	1.42370191
7828	0.83441781	0.55547843	1.65202942	1.41669693
7894	0.82832028	0.57908538	1.66607753	1.43186186
7959	0.83524717	0.57302662	1.64915980	1.41595747
8024	0.84277272	0.56614789	1.67006860	1.42486822
8089	0.83840147	0.57299748	1.64872907	1.40681636
8154	0.82957177	0.56303170	1.66150349	1.41463832
8219	0.84418757	0.56987162	1.64982874	1.40621129
8284	0.85001384	0.57033222	1.68527780	1.42938683
8349	0.84875542	0.56946357	1.65915136	1.41882508
8415	0.83880126	0.56472327	1.67267816	1.42089462
8480	0.85352870	0.57906093	1.65489919	1.41389674
8545	0.81257222	0.56326951	1.61112200	1.38600767
8610	0.84549736	0.57223394	1.65574421	1.40486296
8675	0.82536696	0.56217591	1.64500948	1.40621361
8740	0.82569507	0.55838139	1.64905560	1.40538457
8805	0.85051738	0.57230268	1.63999738	1.40987559
8870	0.85016772	0.56591609	1.64572159	1.40360413
8935	0.84631253	0.56445556	1.65821712	1.41660890
9001	0.85362878	0.56608464	1.62520231	1.39540353
9066	0.83554051	0.56713262	1.67438724	1.43216607
9131	0.83059367	0.56407342	1.65618279	1.41591763
9196	0.84355970	0.56730924	1.64953244	1.41267118
9261	0.83186449	0.57461343	1.65991985	1.41331682
9326	0.80943029	0.56679024	1.65568009	1.40291093
9391	0.83587831	0.57273971	1.63439741	1.39623710
9456	0.85255785	0.57570416	1.64054769	1.41532371
9521	0.84619573	0.56906164	1.66506787	1.41956875
9586	0.81989164	0.56603336	1.65542282	1.40068014
9651	0.82855931	0.56453437	1.66309687	1.42644619
9716	0.81262190	0.54516396	1.66555664	1.42146316
9782	0.82339018	0.56070853	1.66516689	1.40538463
9847	0.82227961	0.55793115	1.69212613	1.43496678
9912	0.84663188	0.56770523	1.65238745	1.39233251
9977	0.82795835	0.56670399	1.69306998	1.43004392
10042	0.83118829	0.55612553	1.66346734	1.42277812
10107	0.85355513	0.57074456	1.64876889	1.41764460
10172	0.83119007	0.54788334	1.65724330	1.40124803
10237	0.82681982	0.56077518	1.66231841	1.41457021
10302	0.82175602	0.56005651	1.67854014	1.43805555
10367	0.83232535	0.56030967	1.63914638	1.40450085
10432	0.82459327	0.56296768	1.66163750	1.42302112
10497	0.83458674	0.56137484	1.66739195	1.40858587
10562	0.81247799	0.55472136	1.63874398	1.41296575
10627	0.86840247	0.56925898	1.63434800	1.39330766
10692	0.81396693	0.56655343	1.66117183	1.40591539
10758	0.82062071	0.55645375	1.64574135	1.40120116
10823	0.83853084	0.56213306	1.67223733	1.42441240
10888	0.82927783	0.56772387	1.65909234	1.40727011
10953	0.84172765	0.56988129	1.64023259	1.39999009
11018	0.83928858	0.57120144	1.68227855	1.42600507
11083	0.83142826	0.56578129	1.68077694	1.42361317
11148	0.84356819	0.56419308	1.65528525	1.40718813
11213	0.85544809	0.58565697	1.66404216	1.41665109
11278	0.84141499	0.56682226	1.65602497	1.40953633
11343	0.82743833	0.55820560	1.64749731	1.40360993
11408	0.83787868	0.56697916	1.65120614	1.40255730
11473	0.83556482	0.56706145	1.65897226	1.40963580
11539	0.82550176	0.55321888	1.63425905	1.39057787
11604	0.82405628	0.56071912	1.64948385	1.41315741
11669	0.85755582	0.56841673	1.68063437	1.43035678
11734	0.84334309	0.56221593	1.66684003	1.41379088
11799	0.83345476	0.55926577	1.64947134	1.41345870
11864	0.84894093	0.57073914	1.69275204	1.42732322
11929	0.84163882	0.56754066	1.63000890	1.39612499
11994	0.84503224	0.56052538	1.66368342	1.40381557
12059	0.84331325	0.56867762	1.65496696	1.41004063
12124	0.84751895	0.55539170	1.65916748	1.41399404
12189	0.82441011	0.55815384	1.64065880	1.40196576
12254	0.83223734	0.55051637	1.64834501	1.40108189
12320	0.82877018	0.55042840	1.65888574	1.40681146
12385	0.83102979	0.55983335	1.63213174	1.39500431
12450	0.83572411	0.56875847	1.64512862	1.40872138
12515	0.83208772	0.56104078	1.67348989	1.41520826
12580	0.84954546	0.57500720	1.66365304	1.41911430
12645	0.82009019	0.55146117	1.66727936	1.42422913
12710	0.84025605	0.55299204	1.63119947	1.40350550
12775	0.83532277	0.56331767	1.64478613	1.40310495
12840	0.82403619	0.56014808	1.66351812	1.41864699
12905	0.83525336	0.55932338	1.64421409	1.40693263
12970	0.85338185	0.56797267	1.65685799	1.41673340
13036	0.82613996	0.55059296	1.66539372	1.41776465
13101	0.82318238	0.55751355	1.68209259	1.42642056
13166	0.85173034	0.56590489	1.63893466	1.39571092
13231	0.83516372	0.55082229	1.66510837	1.42859748
13296	0.84763557	0.56479124	1.64887305	1.40665285
13361	0.84746737	0.57054673	1.65064496	1.41092477
13426	0.83888473	0.56886289	1.64956266	1.40922365
13491	0.82940551	0.56718412	1.66507573	1.41188901
13556	0.82179676	0.55423534	1.65173354	1.40907280
13621	0.83594487	0.56119602	1.66641846	1.40385735
13686	0.84122813	0.56929530	1.65876448	1.40949246
13751	0.87384476	0.57235208	1.64038536	1.40228380
13816	0.85143292	0.56206691	1.68577903	1.42647676
13881	0.83757571	0.55763434	1.65662356	1.41528657
13946	0.84256653	0.56439879	1.65252749	1.41200380
14011	0.85710684	0.56164218	1.65683890	1.39865480
14076	0.82377974	0.55728326	1.65905582	1.42455482
14141	0.84833020	0.56518574	1.65695841	1.40447099
14207	0.84840198	0.56479129	1.65487276	1.40532918
14272	0.84210430	0.56434518	1.69946398	1.44407421
14337	0.82662055	0.55504646	1.67560128	1.43720665
14402	0.81210637	0.55686523	1.66120699	1.41406246
14467	0.85767161	0.55994368	1.65783088	1.41657878
14532	0.82054700	0.55533906	1.62768457	1.39564714
14597	0.84671503	0.56539768	1.64351550	1.39124269
14662	0.84395060	0.55464009	1.66531876	1.41812420
14727	0.83450229	0.56412536	1.68704084	1.43743305
14792	0.82845276	0.55823408	1.65898702	1.40470294
14857	0.83328150	0.55447579	1.65037446	1.40866995
14922	0.86187329	0.56675075	1.66951889	1.41494828
14987	0.82352702	0.56080241	1.65903740	1.41429439
15052	0.83291977	0.56449431	1.66770702	1.41092980
15117	0.85220036	0.56382129	1.65396552	1.39539067
15182	0.84531749	0.56421424	1.67984756	1.42999119
15247	0.81906718	0.55308032	1.65094878	1.40162594
15313	0.84784833	0.55651514	1.65707183	1.40497951
15378	0.84397279	0.56141855	1.67496698	1.41289374
15443	0.84063634	0.56519903	1.66314992	1.41481151
15508	0.83656864	0.56240673	1.66952668	1.41959791
15573	0.84432335	0.56086676	1.64424792	1.40043205
15638	0.84700882	0.56445614	1.64388350	1.41115627
15703	0.83001359	0.55281711	1.65419847	1.41211959
15768	0.84882032	0.55389334	1.66138723	1.40049754
15833	0.85165707	0.55894174	1.64239708	1.40313503
15898	0.82803419	0.55267834	1.64323387	1.39456403
15964	0.85380318	0.55435591	1.63459395	1.39605912
16029	0.83626355	0.55310665	1.66828903	1.42107962
16094	0.83318487	0.55459471	1.63230619	1.39567904
16159	0.83082098	0.55935891	1.65151503	1.40715588
16224	0.85238834	0.56813269	1.64347658	1.40651990
16289	0.83927638	0.56470761	1.66018495	1.41189501
16354	0.85411883	0.56105968	1.65377989	1.40258312
16419	0.84132474	0.55121585	1.63602014	1.39984344
16484	0.85205802	0.56818192	1.63946719	1.37896548